15
0	7	9	0	0   3   6   8   0   2   5   9   2   0   0
7	0	10	15	0   1   3   0   0   1   7   4   26  87  3
9	10	0	11	0   4   5   7   8   0   0   0   0   7   88
0	15	11	0	6   8   9   3   23  3   23  4   44  69  0
0	0	0	6	0   32  13  1   9   32  8   88  888 7   6
0   8   4   6   77  0   6   3   8   2   0   0   0   9   0
8   7   6   5   4   2   0   5   6   7   0   0   0   0   0
8   7   6   5   9   8   5   0   6   7   0   0   0   9   0
5   0   0   0   4   0   0   0   0   2   44  3   11  5   0
8   73  2   9   0   0   2   7   2   0   9   98  99  0   0
9   8   7   6   5   4   4   0   0   0   0   77  6   6   0
8   7   6   0   0   0   0   77  4   3   0   0   0   0   9
5   89  77  77  75  433 22  5   6   0   0   0   0   0   0
877 6   4   6   9   0   74  3   56  78  9   0   0   0   0
88  6   44  7   8   0   0   0   75  34  0   0   0   0   0